5646.000 1866.000 -62.000 
5679.000 1847.000 -62.000 
5679.000 1846.000 -62.000 
5642.000 1864.000 -62.000 
5636.000 1859.000 -62.000 
5630.000 1853.000 -62.000 
5670.000 1849.000 -62.000 
5637.000 1837.000 -62.000 
5637.000 1848.000 -62.000 
5640.000 1850.000 -62.000 
5665.000 1866.000 -62.000 
5631.000 1862.000 -62.000 
5623.000 1831.000 -62.000 
5649.000 1821.000 -62.000 
5650.000 1836.000 -62.000 
5637.000 1888.000 -62.000 
5673.000 1831.000 -62.000 
5661.000 1827.000 -62.000 
5665.000 1817.000 -62.000 
5674.000 1856.000 -62.000 
5642.000 1852.000 -62.000 
5663.000 1850.000 -62.000 
5670.000 1845.000 -62.000 
5649.000 1827.000 -61.000 
5683.000 1820.000 -59.000 
5685.000 1830.000 -57.000 
5753.000 1846.000 -56.000 
5725.000 1837.000 -55.000 
5728.000 1824.000 -55.000 
5737.000 1832.000 -53.000 
5780.000 1835.000 -52.000 
5753.000 1826.000 -52.000 
5769.000 1811.000 -51.000 
5755.000 1819.000 -51.000 
5747.000 1818.000 -50.000 
5758.000 1808.000 -50.000 
5766.000 1820.000 -51.000 
5750.000 1821.000 -53.000 
5727.000 1812.000 -55.000 
5718.000 1836.000 -57.000 
5687.000 1841.000 -59.000 
5691.000 1840.000 -59.000 
5716.000 1826.000 -59.000 
5730.000 1841.000 -59.000 
5715.000 1837.000 -60.000 
5718.000 1844.000 -62.000 
5693.000 1855.000 -64.000 
5700.000 1839.000 -65.000 
5684.000 1858.000 -66.000 
5617.000 1850.000 -68.000 
5619.000 1855.000 -68.000 
5615.000 1879.000 -69.000 
5652.000 1860.000 -70.000 
5591.000 1852.000 -71.000 
5602.000 1869.000 -73.000 
5565.000 1845.000 -74.000 
5572.000 1862.000 -75.000 
5588.000 1865.000 -76.000 
5561.000 1834.000 -77.000 
5597.000 1804.000 -78.000 
5600.000 1835.000 -79.000 
5585.000 1864.000 -80.000 
5578.000 1832.000 -82.000 
5547.000 1854.000 -83.000 
5576.000 1859.000 -83.000 
5575.000 1805.000 -83.000 
5588.000 1856.000 -83.000 
5584.000 1813.000 -84.000 
5609.000 1795.000 -84.000 
5588.000 1819.000 -85.000 
5629.000 1801.000 -86.000 
5654.000 1816.000 -87.000 
5599.000 1792.000 -87.000 
5656.000 1817.000 -90.000 
5634.000 1794.000 -91.000 
5627.000 1806.000 -93.000 
5684.000 1805.000 -93.000 
5645.000 1791.000 -92.000 
5680.000 1792.000 -92.000 
5677.000 1806.000 -92.000 
5673.000 1813.000 -92.000 
5634.000 1797.000 -92.000 
5674.000 1790.000 -92.000 
5693.000 1804.000 -92.000 
5637.000 1795.000 -92.000 
5676.000 1794.000 -92.000 
5679.000 1813.000 -92.000 
5647.000 1793.000 -92.000 
5677.000 1826.000 -92.000 
5660.000 1806.000 -92.000 
5645.000 1810.000 -92.000 
5661.000 1812.000 -92.000 
5652.000 1806.000 -92.000 
5684.000 1809.000 -92.000 
5664.000 1796.000 -92.000 
5654.000 1792.000 -92.000 
5650.000 1800.000 -92.000 
5686.000 1810.000 -92.000 
5695.000 1809.000 -92.000 
5680.000 1840.000 -91.000 
5666.000 1778.000 -91.000 
5682.000 1803.000 -91.000 
5654.000 1816.000 -91.000 
5660.000 1807.000 -92.000 
5660.000 1826.000 -91.000 
5648.000 1787.000 -89.000 
5624.000 1795.000 -87.000 
5645.000 1846.000 -87.000 
5580.000 1822.000 -87.000 
5572.000 1849.000 -85.000 
5621.000 1856.000 -84.000 
5641.000 1873.000 -81.000 
5640.000 1857.000 -80.000 
5653.000 1812.000 -78.000 
5618.000 1826.000 -78.000 
5637.000 1850.000 -78.000 
5572.000 1809.000 -80.000 
5579.000 1788.000 -82.000 
5628.000 1772.000 -83.000 
5644.000 1750.000 -84.000 
5636.000 1763.000 -85.000 
5632.000 1746.000 -84.000 
5641.000 1739.000 -84.000 
5594.000 1816.000 -82.000 
5619.000 1786.000 -79.000 
5711.000 1819.000 -78.000 
5710.000 1787.000 -84.000 
5872.000 1830.000 -87.000 
5812.000 1809.000 -88.000 
6027.000 1873.000 -90.000 
5714.000 1775.000 -87.000 
5660.000 1766.000 -87.000 
5753.000 1767.000 -89.000 
5760.000 1732.000 -93.000 
5717.000 1715.000 -94.000 
5752.000 1687.000 -93.000 
6255.000 1184.000 -93.000 
5720.000 1781.000 -94.000 
5759.000 1803.000 -94.000 
5724.000 1772.000 -95.000 
5721.000 1740.000 -97.000 
5724.000 1741.000 -101.000 
5818.000 1716.000 -103.000 
5771.000 1683.000 -107.000 
5784.000 1678.000 -105.000 
5789.000 1734.000 -104.000 
5849.000 1700.000 -102.000 
5856.000 1677.000 -101.000 
5847.000 1657.000 -100.000 
5912.000 1613.000 -97.000 
5758.000 1821.000 -90.000 
5710.000 1789.000 -85.000 
5732.000 1790.000 -80.000 
5722.000 1765.000 -81.000 
5809.000 1748.000 -82.000 
5748.000 1761.000 -82.000 
5725.000 1760.000 -83.000 
5696.000 1754.000 -79.000 
5675.000 1748.000 -79.000 
5680.000 1724.000 -80.000 
5647.000 1762.000 -82.000 
5638.000 1777.000 -83.000 
5656.000 1755.000 -83.000 
5666.000 1761.000 -82.000 
5656.000 1761.000 -82.000 
5598.000 1773.000 -82.000 
5655.000 1782.000 -81.000 
5803.000 1618.000 -81.000 
5967.000 1469.000 -80.000 
5983.000 1461.000 -79.000 
5974.000 1466.000 -78.000 
6018.000 1474.000 -77.000 
5899.000 1570.000 -76.000 
5969.000 1508.000 -76.000 
6056.000 1438.000 -76.000 
5922.000 1540.000 -76.000 
5949.000 1541.000 -75.000 
5844.000 1608.000 -78.000 
6049.000 1446.000 -96.000 
6036.000 1450.000 -101.000 
6029.000 1488.000 -90.000 
5923.000 1601.000 -90.000 
5996.000 1540.000 -99.000 
5948.000 1529.000 -105.000 
6048.000 1447.000 -103.000 
5933.000 1591.000 -95.000 
5926.000 1618.000 -91.000 
5767.000 1717.000 -89.000 
5889.000 1651.000 -91.000 
5809.000 1683.000 -92.000 
5810.000 1648.000 -93.000 
5806.000 1704.000 -93.000 
5865.000 1640.000 -93.000 
5773.000 1714.000 -94.000 
5829.000 1690.000 -95.000 
5871.000 1654.000 -94.000 
5927.000 1596.000 -95.000 
5876.000 1604.000 -94.000 
5811.000 1665.000 -94.000 
5824.000 1662.000 -93.000 
5897.000 1558.000 -91.000 
5852.000 1633.000 -91.000 
5857.000 1630.000 -91.000 
5841.000 1656.000 -91.000 
5905.000 1560.000 -91.000 
5833.000 1624.000 -91.000 
5796.000 1661.000 -92.000 
5906.000 1598.000 -96.000 
5950.000 1506.000 -98.000 
6084.000 1438.000 -100.000 
5725.000 1756.000 -99.000 
5732.000 1696.000 -92.000 
5769.000 1674.000 -90.000 
5789.000 1629.000 -88.000 
5844.000 1606.000 -89.000 
5931.000 1535.000 -90.000 
5903.000 1556.000 -89.000 
5982.000 1528.000 -91.000 
5763.000 1707.000 -95.000 
5763.000 1700.000 -95.000 
5741.000 1741.000 -94.000 
5770.000 1737.000 -92.000 
5772.000 1732.000 -92.000 
5729.000 1746.000 -93.000 
5721.000 1748.000 -94.000 
5744.000 1724.000 -94.000 
5747.000 1722.000 -94.000 
5745.000 1754.000 -94.000 
5706.000 1767.000 -93.000 
5779.000 1700.000 -94.000 
5708.000 1735.000 -94.000 
5840.000 1630.000 -94.000 
5758.000 1745.000 -94.000 
5767.000 1726.000 -94.000 
5727.000 1738.000 -94.000 
5739.000 1706.000 -94.000 
5733.000 1729.000 -94.000 
5724.000 1738.000 -93.000 
5719.000 1708.000 -93.000 
5734.000 1675.000 -92.000 
5782.000 1635.000 -92.000 
5678.000 1693.000 -92.000 
5758.000 1634.000 -92.000 
5838.000 1496.000 -92.000 
5892.000 1500.000 -91.000 
5925.000 1518.000 -91.000 
5976.000 1433.000 -91.000 
6010.000 1403.000 -91.000 
5967.000 1451.000 -103.000 
5794.000 1675.000 -105.000 
6028.000 1420.000 -97.000 
5660.000 1727.000 -101.000 
5667.000 1745.000 -102.000 
5665.000 1757.000 -99.000 
5672.000 1750.000 -98.000 
5702.000 1747.000 -98.000 
5711.000 1765.000 -98.000 
5696.000 1795.000 -96.000 
5697.000 1752.000 -95.000 
5808.000 1651.000 -96.000 
5722.000 1789.000 -95.000 
5803.000 1688.000 -95.000 
5735.000 1735.000 -94.000 
5700.000 1737.000 -95.000 
5747.000 1680.000 -95.000 
5726.000 1720.000 -93.000 
5737.000 1712.000 -91.000 
5709.000 1723.000 -91.000 
5716.000 1734.000 -91.000 
5717.000 1746.000 -92.000 
5693.000 1770.000 -94.000 
5723.000 1747.000 -99.000 
6012.000 1459.000 -101.000 
5736.000 1763.000 -100.000 
5695.000 1770.000 -100.000 
5751.000 1762.000 -96.000 
5701.000 1830.000 -93.000 
6002.000 1600.000 -89.000 
5872.000 1721.000 -88.000 
5775.000 1797.000 -89.000 
5829.000 1774.000 -88.000 
5791.000 1802.000 -88.000 
5762.000 1809.000 -89.000 
5783.000 1801.000 -86.000 
5788.000 1803.000 -85.000 
5632.000 1787.000 -80.000 
5598.000 1763.000 -77.000 
5551.000 1762.000 -78.000 
6016.000 1860.000 -83.000 
5911.000 1847.000 -90.000 
5874.000 1829.000 -90.000 
5886.000 1830.000 -91.000 
5856.000 1821.000 -91.000 
5763.000 1797.000 -91.000 
5702.000 1754.000 -92.000 
5691.000 1758.000 -92.000 
5714.000 1761.000 -91.000 
5757.000 1781.000 -82.000 
5724.000 1772.000 -80.000 
5718.000 1783.000 -76.000 
5779.000 1778.000 -74.000 
5751.000 1803.000 -75.000 
5737.000 1818.000 -75.000 
5779.000 1746.000 -75.000 
5778.000 1818.000 -74.000 
5798.000 1757.000 -75.000 
5734.000 1778.000 -75.000 
5742.000 1793.000 -75.000 
5768.000 1783.000 -75.000 
5745.000 1793.000 -75.000 
5756.000 1776.000 -75.000 
5722.000 1813.000 -75.000 
5693.000 1801.000 -75.000 
5702.000 1810.000 -77.000 
5697.000 1812.000 -77.000 
5715.000 1800.000 -78.000 
5745.000 1803.000 -80.000 
5713.000 1774.000 -80.000 
5660.000 1797.000 -88.000 
5639.000 1789.000 -90.000 
5659.000 1771.000 -92.000 
5627.000 1776.000 -100.000 
5580.000 1774.000 -100.000 
5631.000 1758.000 -100.000 
5621.000 1771.000 -100.000 
5619.000 1755.000 -100.000 
5600.000 1765.000 -100.000 
5628.000 1774.000 -99.000 
5637.000 1749.000 -98.000 
5682.000 1796.000 -93.000 
5627.000 1793.000 -92.000 
5659.000 1790.000 -92.000 
5638.000 1794.000 -91.000 
5666.000 1815.000 -90.000 
5677.000 1778.000 -88.000 
5674.000 1796.000 -87.000 
5691.000 1782.000 -85.000 
5705.000 1799.000 -84.000 
5731.000 1775.000 -82.000 
5728.000 1824.000 -79.000 
5750.000 1795.000 -77.000 
5746.000 1828.000 -75.000 
5720.000 1783.000 -73.000 
5709.000 1799.000 -68.000 
5705.000 1809.000 -65.000 
5691.000 1771.000 -63.000 
5713.000 1803.000 -67.000 
5702.000 1787.000 -68.000 
5725.000 1812.000 -69.000 
5697.000 1816.000 -72.000 
5722.000 1805.000 -73.000 
5719.000 1796.000 -73.000 
5731.000 1780.000 -74.000 
5741.000 1798.000 -75.000 
5725.000 1815.000 -77.000 
5718.000 1764.000 -79.000 
5719.000 1803.000 -79.000 
5735.000 1812.000 -78.000 
5767.000 1821.000 -78.000 
5747.000 1791.000 -78.000 
5736.000 1807.000 -78.000 
5730.000 1830.000 -78.000 
5724.000 1789.000 -78.000 
5751.000 1824.000 -78.000 
5731.000 1802.000 -78.000 
5744.000 1820.000 -78.000 
5698.000 1808.000 -78.000 
5718.000 1810.000 -78.000 
5729.000 1834.000 -77.000 
5735.000 1837.000 -77.000 
5732.000 1810.000 -77.000 
5730.000 1818.000 -77.000 
5710.000 1815.000 -78.000 
5718.000 1812.000 -77.000 
5728.000 1818.000 -77.000 
5715.000 1811.000 -77.000 
5751.000 1799.000 -78.000 
5724.000 1807.000 -78.000 
5735.000 1820.000 -78.000 
5759.000 1833.000 -78.000 
5762.000 1803.000 -78.000 
5755.000 1808.000 -78.000 
5733.000 1817.000 -78.000 
5751.000 1813.000 -78.000 
5755.000 1825.000 -78.000 
5734.000 1809.000 -78.000 
5708.000 1800.000 -78.000 
5773.000 1832.000 -78.000 
5726.000 1808.000 -78.000 
5736.000 1800.000 -80.000 
5706.000 1802.000 -80.000 
5701.000 1805.000 -81.000 
5719.000 1795.000 -82.000 
5691.000 1780.000 -84.000 
5686.000 1794.000 -86.000 
5698.000 1807.000 -87.000 
5654.000 1795.000 -88.000 
5674.000 1798.000 -94.000 
5645.000 1755.000 -95.000 
5627.000 1782.000 -95.000 
5644.000 1791.000 -95.000 
5671.000 1784.000 -95.000 
5634.000 1787.000 -95.000 
5645.000 1806.000 -95.000 
5665.000 1797.000 -95.000 
5648.000 1782.000 -95.000 
5659.000 1795.000 -93.000 
5666.000 1790.000 -91.000 
5659.000 1808.000 -90.000 
5655.000 1795.000 -90.000 
5669.000 1767.000 -90.000 
5690.000 1761.000 -91.000 
5709.000 1767.000 -91.000 
5669.000 1794.000 -91.000 
5691.000 1769.000 -91.000 
5665.000 1774.000 -91.000 
5664.000 1786.000 -91.000 
5669.000 1806.000 -91.000 
5664.000 1796.000 -91.000 
5680.000 1805.000 -91.000 
5703.000 1738.000 -91.000 
5678.000 1754.000 -91.000 
5719.000 1770.000 -91.000 
5665.000 1797.000 -91.000 
5685.000 1785.000 -91.000 
5650.000 1799.000 -91.000 
5660.000 1789.000 -91.000 
5669.000 1800.000 -91.000 
5704.000 1795.000 -91.000 
5697.000 1788.000 -88.000 
5691.000 1791.000 -84.000 
5618.000 1782.000 -86.000 
5658.000 1782.000 -89.000 
5692.000 1757.000 -90.000 
5718.000 1787.000 -90.000 
5684.000 1819.000 -89.000 
5646.000 1784.000 -91.000 
5660.000 1760.000 -91.000 
5684.000 1732.000 -87.000 
5669.000 1767.000 -86.000 
5683.000 1748.000 -85.000 
5665.000 1770.000 -85.000 
5590.000 1766.000 -100.000 
5655.000 1723.000 -98.000 
5606.000 1737.000 -96.000 
5634.000 1761.000 -88.000 
5660.000 1737.000 -85.000 
5660.000 1731.000 -84.000 
5674.000 1727.000 -86.000 
5668.000 1746.000 -87.000 
5657.000 1749.000 -87.000 
5645.000 1767.000 -88.000 
5628.000 1763.000 -90.000 
5646.000 1754.000 -91.000 
5640.000 1772.000 -89.000 
5637.000 1764.000 -90.000 
5646.000 1761.000 -90.000 
5637.000 1747.000 -93.000 
5630.000 1773.000 -95.000 
5666.000 1753.000 -95.000 
5770.000 1754.000 -91.000 
5650.000 1749.000 -95.000 
5694.000 1749.000 -94.000 
5654.000 1787.000 -96.000 
5722.000 1748.000 -97.000 
5878.000 1586.000 -97.000 
5887.000 1551.000 -98.000 
5986.000 1485.000 -95.000 
5960.000 1566.000 -95.000 
5884.000 1605.000 -94.000 
5953.000 1523.000 -95.000 
5952.000 1546.000 -97.000 
5917.000 1562.000 -98.000 
5892.000 1624.000 -100.000 
5782.000 1669.000 -101.000 
5760.000 1657.000 -99.000 
5655.000 1747.000 -101.000 
5679.000 1719.000 -100.000 
5643.000 1762.000 -100.000 
5860.000 1594.000 -87.000 
5893.000 1527.000 -84.000 
5905.000 1550.000 -82.000 
5812.000 1595.000 -79.000 
5860.000 1554.000 -84.000 
5853.000 1543.000 -82.000 
5882.000 1492.000 -81.000 
5909.000 1516.000 -81.000 
5901.000 1451.000 -82.000 
5911.000 1513.000 -89.000 
5805.000 1607.000 -88.000 
5915.000 1458.000 -87.000 
5969.000 1495.000 -87.000 
5974.000 1456.000 -86.000 
5904.000 1470.000 -85.000 
5927.000 1474.000 -84.000 
5946.000 1514.000 -80.000 
5940.000 1470.000 -81.000 
5966.000 1486.000 -82.000 
5981.000 1471.000 -81.000 
5846.000 1610.000 -80.000 
5741.000 1694.000 -80.000 
5765.000 1688.000 -81.000 
5774.000 1669.000 -80.000 
5813.000 1656.000 -80.000 
5860.000 1633.000 -82.000 
5834.000 1687.000 -100.000 
5849.000 1718.000 -101.000 
5812.000 1744.000 -101.000 
5810.000 1703.000 -101.000 
5784.000 1713.000 -102.000 
5780.000 1757.000 -99.000 
5816.000 1697.000 -93.000 
5797.000 1715.000 -75.000 
5831.000 1650.000 -72.000 
5961.000 1534.000 -70.000 
5985.000 1473.000 -69.000 
5969.000 1507.000 -66.000 
5986.000 1506.000 -61.000 
5960.000 1521.000 -59.000 
5946.000 1523.000 -58.000 
6010.000 1545.000 -57.000 
6015.000 1504.000 -55.000 
5968.000 1579.000 -54.000 
6015.000 1547.000 -53.000 
6025.000 1536.000 -53.000 
5986.000 1563.000 -54.000 
6079.000 1478.000 -57.000 
5979.000 1500.000 -61.000 
6014.000 1472.000 -67.000 
5994.000 1466.000 -69.000 
6029.000 1475.000 -73.000 
5988.000 1496.000 -75.000 
6026.000 1482.000 -79.000 
6031.000 1488.000 -80.000 
6023.000 1471.000 -81.000 
6029.000 1490.000 -82.000 
6049.000 1459.000 -82.000 
6033.000 1459.000 -83.000 
5969.000 1527.000 -83.000 
5991.000 1546.000 -82.000 
5857.000 1708.000 -82.000 
5748.000 1794.000 -82.000 
5693.000 1787.000 -82.000 
5703.000 1788.000 -81.000 
5624.000 1785.000 -79.000 
5625.000 1796.000 -78.000 
5586.000 1799.000 -76.000 
5588.000 1803.000 -76.000 
5612.000 1773.000 -76.000 
5559.000 1798.000 -76.000 
5595.000 1773.000 -76.000 
5598.000 1835.000 -75.000 
5586.000 1817.000 -75.000 
5589.000 1803.000 -75.000 
5603.000 1774.000 -74.000 
5618.000 1780.000 -74.000 
5598.000 1787.000 -74.000 
5595.000 1772.000 -74.000 
5594.000 1773.000 -74.000 
5585.000 1781.000 -74.000 
5573.000 1768.000 -75.000 
5636.000 1776.000 -76.000 
5999.000 1618.000 -75.000 
5838.000 1789.000 -75.000 
5781.000 1827.000 -74.000 
5818.000 1782.000 -73.000 
5811.000 1766.000 -73.000 
5740.000 1811.000 -72.000 
5775.000 1823.000 -72.000 
5768.000 1819.000 -72.000 
5804.000 1753.000 -72.000 
5800.000 1778.000 -71.000 
5965.000 1628.000 -71.000 
5769.000 1808.000 -72.000 
5622.000 1807.000 -73.000 
5715.000 1832.000 -73.000 
5659.000 1807.000 -72.000 
5627.000 1822.000 -71.000 
5661.000 1797.000 -72.000 
5658.000 1820.000 -71.000 
5643.000 1838.000 -71.000 
5651.000 1802.000 -71.000 
5661.000 1807.000 -71.000 
5646.000 1830.000 -71.000 
5676.000 1827.000 -71.000 
5752.000 1824.000 -71.000 
5760.000 1823.000 -71.000 
5908.000 1881.000 -70.000 
5727.000 1865.000 -69.000 
5735.000 1854.000 -68.000 
5664.000 1828.000 -67.000 
5632.000 1811.000 -68.000 
5647.000 1826.000 -65.000 
5767.000 1818.000 -64.000 
5736.000 1763.000 -64.000 
5702.000 1748.000 -62.000 
5709.000 1725.000 -62.000 
5695.000 1743.000 -63.000 
5693.000 1749.000 -62.000 
5783.000 1717.000 -62.000 
5742.000 1699.000 -62.000 
5721.000 1680.000 -61.000 
5700.000 1640.000 -61.000 
5913.000 1702.000 -61.000 
6326.000 2069.000 -61.000 
5662.000 1642.000 -61.000 
5794.000 1675.000 -62.000 
5857.000 1688.000 -62.000 
5774.000 1663.000 -62.000 
5743.000 1613.000 -62.000 
5830.000 1661.000 -62.000 
5836.000 1666.000 -62.000 
5814.000 1673.000 -62.000 
5803.000 1682.000 -63.000 
5825.000 1670.000 -63.000 
5799.000 1682.000 -63.000 
5818.000 1677.000 -63.000 
5833.000 1680.000 -63.000 
5869.000 1687.000 -63.000 
5843.000 1672.000 -64.000 
5807.000 1628.000 -63.000 
5812.000 1703.000 -63.000 
5753.000 1765.000 -63.000 
5737.000 1774.000 -63.000 
5687.000 1778.000 -63.000 
5744.000 1823.000 -65.000 
5681.000 1785.000 -66.000 
5719.000 1806.000 -67.000 
5670.000 1826.000 -67.000 
5631.000 1836.000 -69.000 
5643.000 1820.000 -70.000 
5670.000 1839.000 -71.000 
5633.000 1855.000 -72.000 
5623.000 1850.000 -73.000 
5634.000 1854.000 -74.000 
5619.000 1864.000 -75.000 
5682.000 1852.000 -75.000 
5621.000 1860.000 -76.000 
5639.000 1865.000 -76.000 
5659.000 1845.000 -76.000 
5658.000 1840.000 -76.000 
5659.000 1850.000 -76.000 
5675.000 1860.000 -76.000 
5693.000 1853.000 -76.000 
5706.000 1864.000 -76.000 
5655.000 1855.000 -76.000 
5667.000 1851.000 -76.000 
5691.000 1848.000 -75.000 
5643.000 1847.000 -75.000 
5644.000 1852.000 -75.000 
5652.000 1846.000 -75.000 
5637.000 1876.000 -75.000 
5653.000 1865.000 -75.000 
5670.000 1858.000 -75.000 
5666.000 1850.000 -75.000 
5696.000 1850.000 -75.000 
5697.000 1849.000 -75.000 
5665.000 1860.000 -75.000 
5708.000 1860.000 -75.000 
5625.000 1861.000 -74.000 
5675.000 1849.000 -74.000 
5659.000 1828.000 -74.000 
5656.000 1853.000 -73.000 
5648.000 1845.000 -73.000 
5672.000 1849.000 -72.000 
5645.000 1865.000 -72.000 
5653.000 1859.000 -72.000 
5634.000 1859.000 -72.000 
5606.000 1826.000 -72.000 
5673.000 1872.000 -71.000 
5576.000 1799.000 -71.000 
5640.000 1845.000 -71.000 
5646.000 1808.000 -71.000 
5627.000 1826.000 -71.000 
5651.000 1778.000 -71.000 
5659.000 1784.000 -70.000 
5628.000 1769.000 -70.000 
5743.000 1766.000 -70.000 
5720.000 1746.000 -70.000 
5703.000 1736.000 -70.000 
5608.000 1841.000 -71.000 
5623.000 1850.000 -74.000 
5644.000 1840.000 -74.000 
5636.000 1835.000 -74.000 
5636.000 1845.000 -74.000 
5634.000 1869.000 -73.000 
5659.000 1830.000 -73.000 
5638.000 1864.000 -72.000 
5623.000 1819.000 -71.000 
5663.000 1855.000 -71.000 
5669.000 1795.000 -70.000 
5657.000 1703.000 -69.000 
5699.000 1700.000 -69.000 
5721.000 1687.000 -68.000 
5715.000 1682.000 -68.000 
5741.000 1665.000 -68.000 
5699.000 1678.000 -68.000 
5734.000 1665.000 -68.000 
5689.000 1709.000 -68.000 
5713.000 1704.000 -68.000 
5733.000 1684.000 -68.000 
5706.000 1703.000 -68.000 
5702.000 1697.000 -68.000 
5735.000 1781.000 -68.000 
5671.000 1805.000 -68.000 
5615.000 1850.000 -70.000 
5628.000 1789.000 -70.000 
5625.000 1829.000 -71.000 
5655.000 1842.000 -71.000 
5607.000 1869.000 -71.000 
5625.000 1842.000 -70.000 
5611.000 1853.000 -70.000 
5648.000 1841.000 -70.000 
5642.000 1798.000 -69.000 
5650.000 1849.000 -69.000 
5652.000 1845.000 -69.000 
5642.000 1864.000 -69.000 
5642.000 1821.000 -70.000 
5635.000 1833.000 -70.000 
5639.000 1793.000 -70.000 
5666.000 1816.000 -69.000 
5663.000 1824.000 -69.000 
5709.000 1823.000 -69.000 
5606.000 1793.000 -69.000 
5598.000 1806.000 -69.000 
5691.000 1766.000 -69.000 
5561.000 1704.000 -70.000 
5610.000 1699.000 -71.000 
5598.000 1727.000 -71.000 
5626.000 1710.000 -73.000 
5593.000 1718.000 -76.000 
5653.000 1697.000 -76.000 
5696.000 1715.000 -73.000 
5669.000 1730.000 -71.000 
5708.000 1666.000 -71.000 
5707.000 1668.000 -70.000 
5706.000 1685.000 -71.000 
5744.000 1722.000 -69.000 
5719.000 1699.000 -69.000 
5690.000 1660.000 -70.000 
5755.000 1645.000 -70.000 
5710.000 1691.000 -70.000 
5707.000 1705.000 -69.000 
5724.000 1724.000 -69.000 
5692.000 1690.000 -69.000 
5696.000 1699.000 -69.000 
5704.000 1717.000 -69.000 
5684.000 1692.000 -69.000 
5675.000 1715.000 -69.000 
5701.000 1694.000 -69.000 
5585.000 1782.000 -67.000 
5635.000 1784.000 -67.000 
5693.000 1701.000 -68.000 
5622.000 1827.000 -68.000 
5656.000 1827.000 -68.000 
5623.000 1790.000 -67.000 
5597.000 1816.000 -67.000 
5566.000 1805.000 -67.000 
5612.000 1794.000 -67.000 
5596.000 1810.000 -67.000 
5640.000 1865.000 -67.000 
5642.000 1821.000 -69.000 
5647.000 1840.000 -68.000 
5644.000 1840.000 -68.000 
5678.000 1820.000 -68.000 
5674.000 1858.000 -69.000 
5653.000 1834.000 -72.000 
5623.000 1837.000 -73.000 
5590.000 1832.000 -73.000 
5609.000 1783.000 -70.000 
5929.000 1890.000 -70.000 
5685.000 1834.000 -69.000 
5733.000 1816.000 -69.000 
5637.000 1814.000 -70.000 
5624.000 1808.000 -70.000 
5655.000 1834.000 -69.000 
5763.000 1889.000 -69.000 
5748.000 1893.000 -70.000 
5779.000 1874.000 -68.000 
5766.000 1848.000 -69.000 
5731.000 1856.000 -69.000 
5755.000 1897.000 -69.000 
5743.000 1860.000 -70.000 
5819.000 1807.000 -70.000 
5900.000 1767.000 -70.000 
5721.000 1877.000 -71.000 
5971.000 1640.000 -71.000 
5925.000 1686.000 -71.000 
5727.000 1875.000 -71.000 
5747.000 1824.000 -71.000 
6036.000 1575.000 -71.000 
5947.000 1681.000 -71.000 
5880.000 1775.000 -71.000 
6053.000 1569.000 -72.000 
6113.000 1543.000 -72.000 
6122.000 1519.000 -72.000 
6174.000 1451.000 -72.000 
6152.000 1495.000 -72.000 
5957.000 1695.000 -72.000 
5835.000 1771.000 -72.000 
6168.000 1520.000 -72.000 
6047.000 1608.000 -72.000 
5895.000 1783.000 -72.000 
6072.000 1567.000 -71.000 
6130.000 1524.000 -71.000 
5787.000 1887.000 -71.000 
6043.000 1583.000 -71.000 
6042.000 1546.000 -71.000 
5726.000 1878.000 -72.000 
5770.000 1863.000 -71.000 
5677.000 1824.000 -70.000 
5677.000 1797.000 -70.000 
5670.000 1784.000 -69.000 
5697.000 1770.000 -70.000 
5710.000 1758.000 -68.000 
5715.000 1804.000 -69.000 
5695.000 1797.000 -69.000 
5697.000 1783.000 -69.000 
5711.000 1808.000 -69.000 
5662.000 1805.000 -69.000 
5694.000 1768.000 -69.000 
5676.000 1806.000 -69.000 
5694.000 1794.000 -69.000 
5680.000 1801.000 -69.000 
5668.000 1779.000 -69.000 
5699.000 1809.000 -69.000 
5713.000 1792.000 -69.000 
5680.000 1779.000 -69.000 
5708.000 1795.000 -69.000 
5695.000 1778.000 -69.000 
5657.000 1804.000 -69.000 
5691.000 1801.000 -69.000 
5697.000 1782.000 -69.000 
5728.000 1804.000 -69.000 
5612.000 1780.000 -69.000 
5609.000 1757.000 -69.000 
5699.000 1783.000 -69.000 
5684.000 1783.000 -69.000 
5656.000 1814.000 -69.000 
5724.000 1801.000 -69.000 
5660.000 1778.000 -69.000 
5642.000 1773.000 -69.000 
5702.000 1798.000 -69.000 
5699.000 1774.000 -69.000 
5676.000 1787.000 -69.000 
5684.000 1825.000 -70.000 
5660.000 1800.000 -72.000 
5640.000 1794.000 -73.000 
5677.000 1776.000 -74.000 
5621.000 1799.000 -74.000 
5626.000 1809.000 -75.000 
5643.000 1795.000 -76.000 
5635.000 1784.000 -76.000 
5603.000 1793.000 -77.000 
5608.000 1792.000 -77.000 
5644.000 1787.000 -78.000 
5614.000 1800.000 -79.000 
5582.000 1796.000 -79.000 
5568.000 1790.000 -79.000 
5617.000 1807.000 -80.000 
5608.000 1772.000 -80.000 
5600.000 1799.000 -80.000 
5589.000 1806.000 -81.000 
5604.000 1795.000 -81.000 
5576.000 1815.000 -82.000 
5575.000 1792.000 -82.000 
5580.000 1798.000 -83.000 
5564.000 1787.000 -83.000 
5588.000 1784.000 -84.000 
5569.000 1802.000 -86.000 
5599.000 1773.000 -86.000 
5588.000 1777.000 -86.000 
5608.000 1770.000 -86.000 
5597.000 1763.000 -86.000 
5596.000 1810.000 -86.000 
5590.000 1806.000 -86.000 
5589.000 1788.000 -86.000 
5627.000 1788.000 -86.000 
5608.000 1791.000 -86.000 
5564.000 1813.000 -86.000 
5573.000 1755.000 -86.000 
5611.000 1802.000 -86.000 
5594.000 1795.000 -86.000 
5598.000 1818.000 -86.000 
5569.000 1801.000 -86.000 
5600.000 1793.000 -86.000 
5565.000 1782.000 -86.000 
5600.000 1779.000 -86.000 
5624.000 1775.000 -86.000 
5608.000 1774.000 -86.000 
5548.000 1811.000 -86.000 
5589.000 1787.000 -86.000 
5589.000 1779.000 -86.000 
5613.000 1787.000 -86.000 
5600.000 1780.000 -86.000 
5596.000 1754.000 -86.000 
5595.000 1765.000 -86.000 
5596.000 1791.000 -86.000 
5604.000 1786.000 -86.000 
5570.000 1799.000 -85.000 
5576.000 1801.000 -85.000 
5674.000 1799.000 -82.000 
5668.000 1841.000 -82.000 
5788.000 1714.000 -83.000 
5936.000 1584.000 -84.000 
5914.000 1609.000 -83.000 
5924.000 1566.000 -83.000 
5807.000 1690.000 -81.000 
5598.000 1839.000 -81.000 
5650.000 1780.000 -84.000 
5591.000 1839.000 -85.000 
5630.000 1673.000 -89.000 
5969.000 1869.000 -83.000 
5785.000 1743.000 -79.000 
5763.000 1765.000 -80.000 
5685.000 1750.000 -79.000 
5669.000 1752.000 -83.000 
5545.000 1769.000 -83.000 
5659.000 1792.000 -79.000 
5678.000 1824.000 -76.000 
5685.000 1814.000 -68.000 
5702.000 1792.000 -59.000 
5772.000 1738.000 -54.000 
5738.000 1697.000 -53.000 
5737.000 1736.000 -53.000 
5717.000 1715.000 -54.000 
5705.000 1701.000 -55.000 
5665.000 1740.000 -55.000 
5714.000 1709.000 -56.000 
5675.000 1713.000 -54.000 
5710.000 1705.000 -55.000 
5793.000 1739.000 -67.000 
5730.000 1723.000 -69.000 
5723.000 1685.000 -72.000 
5820.000 1711.000 -78.000 
5765.000 1797.000 -80.000 
5788.000 1769.000 -78.000 
5705.000 1837.000 -76.000 
5691.000 1764.000 -68.000 
5664.000 1772.000 -68.000 
5667.000 1772.000 -68.000 
5718.000 1771.000 -67.000 
5665.000 1794.000 -67.000 
5654.000 1766.000 -66.000 
5726.000 1753.000 -66.000 
5696.000 1747.000 -65.000 
5709.000 1749.000 -65.000 
5707.000 1752.000 -65.000 
5738.000 1734.000 -64.000 
5747.000 1776.000 -63.000 
5740.000 1737.000 -65.000 
5623.000 1684.000 -68.000 
5833.000 1780.000 -79.000 
5795.000 1780.000 -81.000 
5816.000 1797.000 -78.000 
5891.000 1792.000 -86.000 
5818.000 1796.000 -82.000 
5869.000 1779.000 -78.000 
5829.000 1777.000 -77.000 
5909.000 1792.000 -77.000 
5841.000 1766.000 -78.000 
5717.000 1759.000 -78.000 
5729.000 1774.000 -77.000 
5876.000 1812.000 -76.000 
5812.000 1776.000 -75.000 
5880.000 1757.000 -73.000 
5904.000 1756.000 -70.000 
5985.000 1764.000 -79.000 
5822.000 1768.000 -82.000 
5831.000 1780.000 -81.000 
5860.000 1781.000 -82.000 
5904.000 1741.000 -80.000 
5895.000 1753.000 -78.000 
5925.000 1762.000 -79.000 
5970.000 1753.000 -84.000 
6082.000 1826.000 -86.000 
6167.000 1850.000 -84.000 
5713.000 1686.000 -81.000 
5957.000 1771.000 -77.000 
5849.000 1737.000 -77.000 
5894.000 1721.000 -80.000 
6170.000 1835.000 -90.000 
6052.000 1791.000 -95.000 
6020.000 1811.000 -90.000 
5895.000 1760.000 -88.000 
5887.000 1770.000 -85.000 
5848.000 1776.000 -82.000 
6098.000 1811.000 -78.000 
6010.000 1776.000 -77.000 
5878.000 1727.000 -72.000 
5886.000 1716.000 -69.000 
5913.000 1715.000 -71.000 
5911.000 1746.000 -72.000 
5893.000 1734.000 -74.000 
5919.000 1723.000 -77.000 
5947.000 1773.000 -78.000 
6012.000 1752.000 -78.000 
5991.000 1800.000 -77.000 
5941.000 1723.000 -77.000 
5875.000 1766.000 -72.000 
5904.000 1760.000 -71.000 
5986.000 1735.000 -72.000 
5953.000 1742.000 -73.000 
5962.000 1788.000 -72.000 
5930.000 1766.000 -72.000 
5882.000 1758.000 -72.000 
5877.000 1764.000 -72.000 
5858.000 1768.000 -71.000 
5818.000 1763.000 -71.000 
5843.000 1732.000 -70.000 
5729.000 1746.000 -70.000 
5762.000 1709.000 -71.000 
5706.000 1684.000 -72.000 
5713.000 1706.000 -74.000 
5715.000 1703.000 -80.000 
5732.000 1721.000 -80.000 
5710.000 1706.000 -80.000 
5691.000 1698.000 -80.000 
5746.000 1651.000 -76.000 
5724.000 1664.000 -76.000 
5770.000 1698.000 -76.000 
5706.000 1668.000 -76.000 
5720.000 1696.000 -77.000 
5783.000 1710.000 -77.000 
5779.000 1740.000 -77.000 
5694.000 1675.000 -77.000 
5762.000 1694.000 -77.000 
5724.000 1659.000 -78.000 
5772.000 1680.000 -77.000 
5740.000 1648.000 -77.000 
5746.000 1658.000 -78.000 
5758.000 1660.000 -78.000 
5879.000 1697.000 -78.000 
5887.000 1741.000 -79.000 
6009.000 1794.000 -84.000 
5986.000 1837.000 -86.000 
6005.000 1857.000 -92.000 
6059.000 1919.000 -93.000 
6034.000 1936.000 -93.000 
6015.000 1932.000 -93.000 
5987.000 1921.000 -91.000 
6025.000 1914.000 -91.000 
6016.000 1949.000 -91.000 
5922.000 1922.000 -89.000 
5630.000 1808.000 -90.000 
5678.000 1809.000 -92.000 
5654.000 1815.000 -90.000 
5695.000 1819.000 -87.000 
5543.000 1746.000 -86.000 
5543.000 1763.000 -85.000 
5478.000 1739.000 -82.000 
5492.000 1765.000 -81.000 
5516.000 1760.000 -82.000 
5536.000 1759.000 -83.000 
5534.000 1757.000 -84.000 
5572.000 1773.000 -86.000 
5578.000 1791.000 -89.000 
5626.000 1764.000 -92.000 
5670.000 1757.000 -96.000 
5685.000 1764.000 -98.000 
5673.000 1769.000 -97.000 
5650.000 1776.000 -97.000 
5667.000 1781.000 -98.000 
5691.000 1779.000 -97.000 
5688.000 1776.000 -97.000 
5682.000 1769.000 -97.000 
5677.000 1773.000 -98.000 
5681.000 1768.000 -98.000 
5698.000 1783.000 -97.000 
5677.000 1774.000 -97.000 
5680.000 1760.000 -96.000 
5693.000 1762.000 -93.000 
5685.000 1774.000 -90.000 
5688.000 1777.000 -90.000 
5681.000 1812.000 -92.000 
5746.000 1788.000 -92.000 
5722.000 1796.000 -92.000 
5705.000 1829.000 -92.000 
5652.000 1772.000 -91.000 
5668.000 1785.000 -91.000 
5663.000 1814.000 -92.000 
5694.000 1790.000 -92.000 
5700.000 1779.000 -92.000 
5689.000 1804.000 -92.000 
5673.000 1766.000 -92.000 
5687.000 1775.000 -92.000 
5710.000 1803.000 -92.000 
5689.000 1770.000 -91.000 
5677.000 1756.000 -91.000 
5690.000 1800.000 -91.000 
5677.000 1753.000 -91.000 
5656.000 1786.000 -91.000 
5699.000 1759.000 -91.000 
5653.000 1798.000 -91.000 
5656.000 1761.000 -90.000 
5653.000 1766.000 -90.000 
5677.000 1797.000 -90.000 
5707.000 1794.000 -90.000 
5694.000 1787.000 -90.000 
5691.000 1814.000 -90.000 
5692.000 1795.000 -90.000 
5665.000 1765.000 -90.000 
5667.000 1786.000 -90.000 
5665.000 1816.000 -89.000 
5682.000 1803.000 -90.000 
5684.000 1805.000 -89.000 
5681.000 1787.000 -89.000 
5664.000 1815.000 -89.000 
5709.000 1764.000 -89.000 
5688.000 1758.000 -89.000 
5712.000 1787.000 -89.000 
5720.000 1773.000 -89.000 
5665.000 1750.000 -88.000 
5685.000 1791.000 -88.000 
5654.000 1783.000 -88.000 
5684.000 1790.000 -88.000 
5664.000 1764.000 -88.000 
5660.000 1772.000 -88.000 
5642.000 1767.000 -88.000 
5622.000 1785.000 -89.000 
5630.000 1805.000 -89.000 
5629.000 1782.000 -89.000 
5586.000 1825.000 -87.000 
5488.000 1786.000 -87.000 
5520.000 1783.000 -87.000 
5517.000 1799.000 -87.000 
5565.000 1845.000 -87.000 
5680.000 1873.000 -87.000 
5660.000 1875.000 -88.000 
5802.000 2048.000 -89.000 
5722.000 2066.000 -90.000 
5755.000 2098.000 -89.000 
5754.000 2166.000 -93.000 
5614.000 2262.000 -94.000 
5694.000 2301.000 -94.000 
5728.000 2360.000 -94.000 
5767.000 2387.000 -94.000 
5911.000 2502.000 -93.000 
5679.000 2458.000 -91.000 
5728.000 2524.000 -90.000 
5662.000 2617.000 -89.000 
5647.000 2680.000 -86.000 
5699.000 2748.000 -86.000 
5709.000 2782.000 -86.000 
5765.000 2901.000 -88.000 
5782.000 3007.000 -88.000 
5769.000 3058.000 -87.000 
5886.000 3426.000 -80.000 
5886.000 3589.000 -77.000 
5929.000 3676.000 -77.000 
5941.000 3686.000 -76.000 
5934.000 3750.000 -75.000 
5946.000 3755.000 -74.000 
5913.000 3821.000 -74.000 
5973.000 3875.000 -75.000 
5961.000 3934.000 -75.000 
6100.000 4074.000 -75.000 
6077.000 4164.000 -74.000 
6084.000 4184.000 -76.000 
6208.000 4408.000 -77.000 
5875.000 4164.000 -77.000 
5854.000 4186.000 -78.000 
5823.000 4239.000 -78.000 
6064.000 4474.000 -79.000 
6148.000 4535.000 -79.000 
6076.000 4525.000 -79.000 
6084.000 4517.000 -77.000 
5987.000 4408.000 -75.000 
5828.000 4296.000 -75.000 
5812.000 4369.000 -75.000 
5849.000 4422.000 -74.000 
5696.000 4398.000 -74.000 
5868.000 4577.000 -74.000 
6096.000 4767.000 -72.000 
5733.000 4466.000 -71.000 
5718.000 4480.000 -72.000 
5674.000 4426.000 -72.000 
5677.000 4462.000 -73.000 
5676.000 4467.000 -73.000 
5702.000 4460.000 -74.000 
5686.000 4466.000 -74.000 
5657.000 4466.000 -74.000 
5697.000 4452.000 -74.000 
5661.000 4439.000 -74.000 
5660.000 4473.000 -74.000 
5661.000 4476.000 -74.000 
5806.000 4601.000 -74.000 
5667.000 4434.000 -74.000 
5668.000 4438.000 -74.000 
5681.000 4478.000 -74.000 
5654.000 4413.000 -74.000 
5672.000 4454.000 -74.000 
5766.000 4586.000 -74.000 
5653.000 4459.000 -74.000 
5896.000 4687.000 -74.000 
5611.000 4382.000 -74.000 
5661.000 4464.000 -73.000 
5670.000 4457.000 -73.000 
5677.000 4486.000 -73.000 
5626.000 4453.000 -73.000 
5670.000 4474.000 -73.000 
5649.000 4436.000 -73.000 
5649.000 4444.000 -73.000 
5611.000 4455.000 -73.000 
5607.000 4475.000 -73.000 
5618.000 4481.000 -73.000 
5738.000 4472.000 -73.000 
5848.000 4385.000 -70.000 
5900.000 4378.000 -71.000 
5804.000 4422.000 -70.000 
5900.000 4375.000 -70.000 
5697.000 4479.000 -70.000 
5821.000 4357.000 -70.000 
5860.000 4343.000 -70.000 
6002.000 4301.000 -70.000 
5738.000 4462.000 -69.000 
6087.000 4289.000 -68.000 
6142.000 4246.000 -68.000 
6111.000 4255.000 -68.000 
5830.000 4438.000 -67.000 
5583.000 4593.000 -67.000 
5595.000 4598.000 -67.000 
5618.000 4635.000 -68.000 
5746.000 4843.000 -69.000 
5903.000 5056.000 -69.000 
6306.000 5035.000 -72.000 
6823.000 5964.000 -72.000 
6241.000 5036.000 -72.000 
6246.000 4966.000 -72.000 
6120.000 4999.000 -73.000 
5800.000 5131.000 -72.000 
5894.000 5085.000 -71.000 
5889.000 5171.000 -70.000 
5654.000 5272.000 -68.000 
5584.000 5265.000 -68.000 
5575.000 5337.000 -67.000 
5582.000 5334.000 -68.000 
5615.000 5384.000 -68.000 
5733.000 5440.000 -69.000 
5753.000 5515.000 -70.000 
5953.000 5424.000 -70.000 
5912.000 5412.000 -70.000 
5875.000 5440.000 -70.000 
5738.000 5454.000 -69.000 
5856.000 5720.000 -71.000 
5763.000 5798.000 -75.000 
5756.000 5798.000 -76.000 
5752.000 5836.000 -77.000 
5803.000 5877.000 -77.000 
5753.000 5864.000 -78.000 
5729.000 5886.000 -77.000 
5707.000 6025.000 -73.000 
5699.000 6053.000 -73.000 
5733.000 6107.000 -72.000 
5707.000 6111.000 -72.000 
5722.000 6101.000 -73.000 
5576.000 6264.000 -104.000 
5586.000 6486.000 -108.000 
5617.000 6444.000 -112.000 
5568.000 6436.000 -117.000 
5513.000 6148.000 -121.000 
5479.000 6158.000 -128.000 
5543.000 6140.000 -131.000 
5483.000 6184.000 -135.000 
5185.000 5937.000 -143.000 
5262.000 6049.000 -146.000 
5288.000 5634.000 -149.000 
5106.000 5613.000 -152.000 
5127.000 5616.000 -162.000 
5259.000 5712.000 -167.000 
5261.000 5758.000 -175.000 
5334.000 5780.000 -176.000 
5323.000 5746.000 -175.000 
5324.000 5834.000 -174.000 
5317.000 5671.000 -173.000 
5304.000 5579.000 -172.000 
5325.000 5553.000 -171.000 
5305.000 5538.000 -169.000 
5268.000 5523.000 -169.000 
5314.000 5517.000 -170.000 
5301.000 5549.000 -171.000 
5259.000 5502.000 -172.000 
5307.000 5536.000 -173.000 
5327.000 5523.000 -174.000 
5322.000 5497.000 -174.000 
5319.000 5516.000 -173.000 
5345.000 5523.000 -174.000 
5311.000 5536.000 -171.000 
5331.000 5527.000 -169.000 
5366.000 5536.000 -169.000 
5317.000 5528.000 -168.000 
5357.000 5525.000 -165.000 
5363.000 5531.000 -165.000 
5301.000 5498.000 -163.000 
5281.000 5555.000 -164.000 
5325.000 5529.000 -166.000 
5331.000 5557.000 -165.000 
5360.000 5612.000 -165.000 
5341.000 5583.000 -165.000 
5370.000 5576.000 -165.000 
5372.000 5587.000 -166.000 
5362.000 5566.000 -169.000 
5357.000 5538.000 -172.000 
5357.000 5538.000 -184.000 
5353.000 5533.000 -180.000 
5336.000 5565.000 -179.000 
5376.000 5496.000 -182.000 
5332.000 5536.000 -184.000 
5318.000 5502.000 -184.000 
5334.000 5521.000 -184.000 
5307.000 5557.000 -184.000 
5320.000 5503.000 -184.000 
5323.000 5482.000 -185.000 
5389.000 5568.000 -188.000 
5343.000 5559.000 -186.000 
5375.000 5572.000 -184.000 
5298.000 5611.000 -183.000 
5365.000 5567.000 -182.000 
5413.000 5530.000 -182.000 
5350.000 5565.000 -184.000 
5400.000 5589.000 -184.000 
5394.000 5575.000 -184.000 
5374.000 5575.000 -183.000 
5366.000 5603.000 -182.000 
5409.000 5568.000 -183.000 
5418.000 5649.000 -184.000 
5379.000 5565.000 -185.000 
5344.000 5551.000 -187.000 
5358.000 5538.000 -188.000 
5393.000 5521.000 -190.000 
5363.000 5580.000 -193.000 
5315.000 5593.000 -195.000 
5339.000 5562.000 -197.000 
5326.000 5513.000 -197.000 
5343.000 5555.000 -198.000 
5348.000 5543.000 -197.000 
5354.000 5562.000 -196.000 
5331.000 5531.000 -196.000 
5345.000 5549.000 -196.000 
5381.000 5552.000 -195.000 
5365.000 5561.000 -193.000 
5364.000 5560.000 -191.000 
5379.000 5520.000 -188.000 
5333.000 5517.000 -187.000 
5324.000 5502.000 -187.000 
5336.000 5516.000 -186.000 
5365.000 5573.000 -178.000 
5136.000 5486.000 -167.000 
5100.000 5483.000 -166.000 
5149.000 5492.000 -161.000 
5107.000 5466.000 -158.000 
5063.000 5362.000 -155.000 
5106.000 5409.000 -153.000 
5104.000 5424.000 -154.000 
5046.000 5414.000 -156.000 
4956.000 5336.000 -161.000 
5324.000 5669.000 -172.000 
5268.000 5539.000 -182.000 
5307.000 5620.000 -189.000 
5346.000 5562.000 -194.000 
5315.000 5521.000 -199.000 
5324.000 5521.000 -202.000 
5338.000 5520.000 -206.000 
5322.000 5467.000 -210.000 
5364.000 5507.000 -209.000 
5354.000 5530.000 -204.000 
5397.000 5495.000 -200.000 
5328.000 5496.000 -197.000 
5223.000 5548.000 -198.000 
5230.000 5543.000 -198.000 
5246.000 5566.000 -196.000 
5155.000 5561.000 -195.000 
5091.000 5566.000 -192.000 
5110.000 5579.000 -191.000 
5113.000 5619.000 -191.000 
5125.000 5617.000 -192.000 
5058.000 5510.000 -192.000 
5020.000 5567.000 -194.000 
5007.000 5533.000 -195.000 
5032.000 5472.000 -199.000 
5013.000 5469.000 -202.000 
5040.000 5419.000 -203.000 
5021.000 5390.000 -206.000 
5024.000 5389.000 -208.000 
5078.000 5355.000 -209.000 
5061.000 5328.000 -211.000 
5061.000 5358.000 -211.000 
5045.000 5418.000 -210.000 
4898.000 5246.000 -208.000 
4971.000 5426.000 -207.000 
4961.000 5432.000 -204.000 
4965.000 5471.000 -203.000 
4965.000 5494.000 -201.000 
4970.000 5575.000 -195.000 
4892.000 5617.000 -193.000 
4883.000 5694.000 -192.000 
5021.000 5722.000 -189.000 
4455.000 5607.000 -187.000 
4846.000 5940.000 -184.000 
4835.000 5900.000 -182.000 
4849.000 5885.000 -181.000 
4988.000 5948.000 -180.000 
4597.000 5654.000 -179.000 
4821.000 5805.000 -182.000 
4948.000 5679.000 -186.000 
4762.000 5385.000 -191.000 
4911.000 5572.000 -196.000 
4926.000 5619.000 -207.000 
4863.000 5560.000 -214.000 
4854.000 5454.000 -221.000 
4751.000 5095.000 -231.000 
4619.000 4892.000 -238.000 
4660.000 4797.000 -248.000 
4790.000 4817.000 -257.000 
5020.000 4916.000 -268.000 
5083.000 4938.000 -271.000 
5170.000 4917.000 -274.000 
5095.000 4867.000 -277.000 
5190.000 4876.000 -284.000 
5184.000 4852.000 -286.000 
5186.000 4867.000 -290.000 
5159.000 4868.000 -291.000 
5094.000 4867.000 -291.000 
5162.000 4914.000 -291.000 
5146.000 4938.000 -290.000 
5089.000 4887.000 -287.000 
5097.000 4904.000 -283.000 
5114.000 4963.000 -280.000 
4989.000 4869.000 -276.000 
4954.000 4823.000 -273.000 
4909.000 4759.000 -269.000 
4754.000 4700.000 -264.000 
4578.000 4524.000 -260.000 
4510.000 4490.000 -256.000 
4519.000 4457.000 -254.000 
4439.000 4431.000 -251.000 
4447.000 4417.000 -251.000 
4424.000 4406.000 -251.000 
4469.000 4422.000 -253.000 
4430.000 4434.000 -254.000 
4441.000 4408.000 -257.000 
4460.000 4363.000 -260.000 
4334.000 4424.000 -263.000 
4400.000 4394.000 -267.000 
4366.000 4394.000 -270.000 
4353.000 4414.000 -274.000 
4369.000 4398.000 -276.000 
4401.000 4441.000 -278.000 
4335.000 4419.000 -279.000 
4380.000 4415.000 -277.000 
4348.000 4418.000 -275.000 
4351.000 4418.000 -273.000 
4358.000 4395.000 -273.000 
4367.000 4385.000 -274.000 
4430.000 4423.000 -277.000 
4402.000 4395.000 -280.000 
4392.000 4366.000 -280.000 
4404.000 4397.000 -281.000 
4393.000 4380.000 -282.000 
4371.000 4367.000 -282.000 
4451.000 4436.000 -283.000 
4416.000 4381.000 -283.000 
4428.000 4404.000 -283.000 
4469.000 4423.000 -286.000 
4439.000 4413.000 -286.000 
4438.000 4422.000 -286.000 
4372.000 4407.000 -283.000 
4367.000 4369.000 -279.000 
4399.000 4373.000 -278.000 
4368.000 4392.000 -277.000 
4361.000 4404.000 -274.000 
4320.000 4395.000 -273.000 
4328.000 4416.000 -271.000 
4352.000 4460.000 -270.000 
4318.000 4433.000 -269.000 
4315.000 4468.000 -268.000 
4304.000 4451.000 -265.000 
4259.000 4440.000 -260.000 
4298.000 4478.000 -261.000 
4276.000 4418.000 -262.000 
4308.000 4448.000 -263.000 
4294.000 4446.000 -264.000 
4318.000 4436.000 -266.000 
4294.000 4433.000 -267.000 
4339.000 4480.000 -268.000 
4271.000 4436.000 -268.000 
4264.000 4428.000 -268.000 
4322.000 4497.000 -268.000 
4297.000 4474.000 -268.000 
4284.000 4481.000 -268.000 
4260.000 4475.000 -268.000 
4309.000 4483.000 -269.000 
4360.000 4515.000 -270.000 
4311.000 4466.000 -269.000 
4328.000 4498.000 -270.000 
4301.000 4456.000 -271.000 
4318.000 4477.000 -272.000 
4328.000 4498.000 -271.000 
4338.000 4498.000 -264.000 
4328.000 4485.000 -265.000 
4258.000 4450.000 -267.000 
4362.000 4510.000 -268.000 
4320.000 4482.000 -269.000 
4323.000 4477.000 -269.000 
4276.000 4429.000 -269.000 
4306.000 4439.000 -271.000 
4291.000 4425.000 -272.000 
4345.000 4442.000 -272.000 
4293.000 4427.000 -273.000 
4319.000 4427.000 -275.000 
4390.000 4405.000 -274.000 
4337.000 4383.000 -274.000 
4384.000 4293.000 -274.000 
4389.000 4258.000 -274.000 
4434.000 4240.000 -276.000 
4391.000 4131.000 -272.000 
4434.000 4027.000 -268.000 
4455.000 4014.000 -267.000 
4449.000 3761.000 -269.000 
4455.000 3639.000 -272.000 
4486.000 3587.000 -272.000 
4545.000 3658.000 -271.000 
4536.000 3468.000 -271.000 
4396.000 3287.000 -269.000 
4427.000 3233.000 -268.000 
4392.000 3210.000 -268.000 
4489.000 3179.000 -267.000 
4485.000 3162.000 -268.000 
4548.000 3109.000 -269.000 
4485.000 3074.000 -268.000 
4467.000 3030.000 -270.000 
4440.000 3016.000 -271.000 
4403.000 2990.000 -271.000 
4394.000 2985.000 -271.000 
4413.000 2955.000 -271.000 
4461.000 2944.000 -272.000 
4422.000 2931.000 -272.000 
4427.000 2931.000 -272.000 
4474.000 2921.000 -271.000 
4465.000 2836.000 -272.000 
4360.000 2822.000 -272.000 
4390.000 2763.000 -272.000 
4388.000 2746.000 -272.000 
4417.000 2716.000 -272.000 
4429.000 2677.000 -271.000 
4415.000 2635.000 -271.000 
4333.000 2612.000 -271.000 
4364.000 2577.000 -272.000 
4367.000 2560.000 -271.000 
4312.000 2537.000 -272.000 
4325.000 2518.000 -271.000 
4394.000 2484.000 -271.000 
4366.000 2483.000 -270.000 
4282.000 2427.000 -270.000 
4329.000 2386.000 -270.000 
4321.000 2351.000 -271.000 
4277.000 2303.000 -273.000 
4242.000 2214.000 -274.000 
4205.000 2211.000 -276.000 
4149.000 2184.000 -277.000 
4184.000 2175.000 -278.000 
4161.000 2120.000 -279.000 
4192.000 2128.000 -281.000 
4252.000 2065.000 -282.000 
4254.000 2067.000 -282.000 
4210.000 2027.000 -283.000 
4159.000 2082.000 -282.000 
4177.000 1981.000 -281.000 
4125.000 1991.000 -281.000 
4241.000 1864.000 -279.000 
4192.000 1841.000 -278.000 
4248.000 1781.000 -278.000 
4286.000 1731.000 -277.000 
4280.000 1702.000 -277.000 
4190.000 1652.000 -277.000 
4220.000 1655.000 -277.000 
4112.000 1619.000 -277.000 
4388.000 1658.000 -278.000 
4321.000 1622.000 -279.000 
4252.000 1558.000 -281.000 
4370.000 1397.000 -282.000 
4767.000 975.000 -284.000 
4609.000 1138.000 -284.000 
4245.000 1448.000 -286.000 
4754.000 845.000 -287.000 
4715.000 885.000 -287.000 
4316.000 1350.000 -290.000 
4292.000 1355.000 -289.000 
4404.000 1317.000 -285.000 
4503.000 1199.000 -285.000 
4323.000 1271.000 -285.000 
4697.000 747.000 -287.000 
4680.000 718.000 -289.000 
4384.000 1067.000 -291.000 
4339.000 1117.000 -293.000 
4253.000 1175.000 -294.000 
4390.000 1096.000 -294.000 
4266.000 1191.000 -294.000 
4332.000 1172.000 -293.000 
4670.000 754.000 -293.000 
4305.000 1154.000 -293.000 
4242.000 1185.000 -292.000 
4942.000 467.000 -291.000 
4221.000 1237.000 -291.000 
4478.000 1021.000 -291.000 
4932.000 423.000 -291.000 
4699.000 748.000 -292.000 
4350.000 1142.000 -300.000 
5197.000 -36.000 -306.000 
5259.000 -20.000 -310.000 
5197.000 -21.000 -313.000 
4438.000 1090.000 -314.000 
4484.000 986.000 -316.000 
4498.000 933.000 -326.000 
5119.000 10.000 29.000 
5097.000 -42.000 26.000 
4520.000 1069.000 11.000 
4402.000 1066.000  3.000 
4479.000 1124.000 -1.000 
4536.000 1143.000 -11.000 
4528.000 1170.000 -14.000 
4656.000 1164.000 -16.000 
4727.000 1113.000 -16.000 
4748.000 1023.000 -16.000 
4678.000 1108.000 -17.000 
4748.000 1029.000 -17.000 
4724.000 1037.000 -17.000 
4706.000 1096.000 -17.000 
4731.000 1080.000 -17.000 
4780.000 1010.000 -17.000 
4719.000 1073.000 -16.000 
4717.000 1117.000 -11.000 
4606.000 1209.000 -7.000 
4502.000 1204.000 -2.000 
4529.000 1162.000  3.000 
4528.000 1118.000  9.000 
4399.000 1041.000 28.000 
4548.000 862.000 32.000 
4725.000 566.000 -326.000 
5061.000 -118.000 -323.000 
5116.000 -73.000 -320.000 
5123.000 -72.000 -318.000 
5041.000 148.000 -317.000 
5060.000 43.000 -316.000 
5102.000 -76.000 -312.000 
5131.000 -99.000 -311.000 
5111.000 -79.000 -310.000 
5102.000 -41.000 -310.000 
5130.000 -54.000 -310.000 
5147.000 -58.000 -310.000 
5058.000 116.000 -310.000 
5165.000 -77.000 -310.000 
5143.000 -64.000 -310.000 
5148.000 -70.000 -311.000 
5133.000 -51.000 -311.000 
5184.000 -65.000 -311.000 
4737.000 614.000 -311.000 
4422.000 1034.000 -311.000 
4436.000 990.000 -311.000 
4913.000 434.000 -310.000 
5141.000 -102.000 -310.000 
5083.000 147.000 -310.000 
4714.000 657.000 -311.000 
5081.000 126.000 -311.000 
5121.000 41.000 -311.000 
4567.000 910.000 -311.000 
4653.000 725.000 -311.000 
5195.000 -27.000 -312.000 
5183.000 -48.000 -313.000 
5178.000 -39.000 -313.000 
5138.000 -23.000 -312.000 
5141.000 -5.000 -312.000 
5149.000 -28.000 -311.000 
5144.000 -62.000 -311.000 
5173.000 -102.000 -311.000 
5138.000 -17.000 -311.000 
5235.000 -136.000 -312.000 
5199.000 -175.000 -312.000 
4782.000 671.000 -314.000 
4757.000 600.000 -315.000 
5065.000 99.000 -319.000 
4410.000 1029.000 -323.000 
4442.000 1022.000 31.000 
4461.000 1079.000 27.000 
4432.000 1121.000 25.000 
4391.000 1058.000 23.000 
4542.000 1104.000 13.000 
4552.000 1125.000  7.000 
4705.000 1006.000  0.000 
4687.000 1084.000 -1.000 
4719.000 1051.000 -3.000 
4621.000 1201.000 -3.000 
4729.000 1012.000 -6.000 
5067.000 742.000 -10.000 
4776.000 1037.000 -12.000 
4760.000 1085.000 -15.000 
4769.000 1103.000 -17.000 
4790.000 1079.000 -19.000 
4788.000 1144.000 -23.000 
4794.000 1161.000 -27.000 
4783.000 1230.000 -31.000 
4820.000 1257.000 -35.000 
4881.000 1314.000 -40.000 
4873.000 1283.000 -44.000 
4879.000 1343.000 -49.000 
4944.000 1375.000 -54.000 
4962.000 1389.000 -56.000 
5151.000 1375.000 -60.000 
5210.000 1403.000 -61.000 
5133.000 1444.000 -66.000 
5214.000 1461.000 -71.000 
5193.000 1488.000 -76.000 
5273.000 1484.000 -78.000 
5649.000 1753.000 -80.000 
5612.000 1728.000 -80.000 
5774.000 1592.000 -83.000 
5697.000 1873.000 -84.000 
5905.000 1910.000 -81.000 
5619.000 1612.000 -81.000 
5636.000 1649.000 -83.000 
5618.000 1721.000 -71.000 
5598.000 1707.000 -69.000 
5556.000 1692.000 -69.000 
5832.000 1788.000 -80.000 
5695.000 1828.000 -83.000 
5738.000 1848.000 -87.000 
5793.000 1917.000 -90.000 
6202.000 2479.000 -95.000 
6021.000 2296.000 -95.000 
5502.000 1943.000 -93.000 
5776.000 2064.000 -91.000 
5951.000 2344.000 -91.000 
6001.000 2213.000 -91.000 
5872.000 2157.000 -89.000 
6017.000 2428.000 -88.000 
6147.000 2334.000 -86.000 
5679.000 2168.000 -83.000 
5718.000 2170.000 -84.000 
5602.000 2184.000 -83.000 
5753.000 2246.000 -84.000 
6585.000 2958.000 -71.000 
6794.000 3392.000 -68.000 
5961.000 2404.000 -68.000 
6009.000 2449.000 -67.000 
5982.000 2423.000 -67.000 
